,grey_obj1a.jpg,grey_obj1b.jpg,grey_obj1c.jpg,grey_obj1d.jpg,grey_obj1e.jpg,grey_obj1f.jpg,grey_obj1g.jpg,grey_obj1h.jpg,grey_obj1i.jpg,grey_obj1j.jpg,grey_obj1k.jpg,grey_obj1l.jpg,grey_obj2a.jpg,grey_obj2b.jpg,grey_obj2c.jpg,grey_obj2d.jpg,grey_obj2e.jpg,grey_obj2f.jpg,grey_obj2g.jpg,grey_obj2h.jpg,grey_obj2i.jpg,grey_obj2j.jpg,grey_obj2k.jpg,grey_obj2l.jpg,grey_obj3a.jpg,grey_obj3b.jpg,grey_obj3c.jpg,grey_obj3d.jpg,grey_obj3e.jpg,grey_obj3f.jpg,grey_obj3g.jpg,grey_obj3h.jpg,grey_obj3i.jpg,grey_obj3j.jpg,grey_obj3k.jpg,grey_obj3l.jpg,grey_obj4a.jpg,grey_obj4b.jpg,grey_obj4c.jpg,grey_obj4d.jpg,grey_obj4e.jpg,grey_obj4f.jpg,grey_obj4g.jpg,grey_obj4h.jpg,grey_obj4i.jpg,grey_obj4j.jpg,grey_obj4k.jpg,grey_obj4l.jpg,grey_obj5a.jpg,grey_obj5b.jpg,grey_obj5c.jpg,grey_obj5d.jpg,grey_obj5e.jpg,grey_obj5f.jpg,grey_obj5g.jpg,grey_obj5h.jpg,grey_obj5i.jpg,grey_obj5j.jpg,grey_obj5k.jpg,grey_obj5l.jpg,grey_obj6a.jpg,grey_obj6b.jpg,grey_obj6c.jpg,grey_obj6d.jpg,grey_obj6e.jpg,grey_obj6f.jpg,grey_obj6g.jpg,grey_obj6h.jpg,grey_obj6i.jpg,grey_obj6j.jpg,grey_obj6k.jpg,grey_obj6l.jpg,grey_obj7a.jpg,grey_obj7b.jpg,grey_obj7c.jpg,grey_obj7d.jpg,grey_obj7e.jpg,grey_obj7f.jpg,grey_obj7g.jpg,grey_obj7h.jpg,grey_obj7i.jpg,grey_obj7j.jpg,grey_obj7k.jpg,grey_obj7l.jpg,grey_obj8a.jpg,grey_obj8b.jpg,grey_obj8c.jpg,grey_obj8d.jpg,grey_obj8e.jpg,grey_obj8f.jpg,grey_obj8g.jpg,grey_obj8h.jpg,grey_obj8i.jpg,grey_obj8j.jpg,grey_obj8k.jpg,grey_obj8l.jpg
grey_obj1a.jpg,0.99999976,0.7661138,0.8834111,0.8192243,0.8287461,0.7462427,0.80726063,0.8474743,0.7183742,0.7708845,0.82203346,0.70077163,0.5413844,0.51144207,0.5355321,0.59307075,0.49145353,0.58048344,0.5448947,0.5619496,0.5718558,0.61176157,0.61959404,0.594006,0.58282536,0.66982174,0.5619867,0.60765135,0.55891657,0.53880155,0.7024823,0.5994033,0.55616194,0.54885066,0.6467232,0.58732176,0.5936278,0.5930449,0.60065705,0.58840024,0.58006614,0.55198336,0.6160645,0.58983743,0.60078776,0.5264569,0.5856218,0.54695755,0.57988167,0.6028534,0.52279925,0.53011286,0.5253072,0.5577005,0.50957084,0.5462195,0.53194773,0.6203835,0.5741602,0.49890164,0.5593202,0.55477166,0.5539727,0.5019806,0.5033686,0.53589433,0.5909829,0.55967176,0.57837236,0.55170786,0.5773112,0.55305654,0.64149565,0.6183436,0.65253717,0.6459176,0.6609376,0.6595549,0.5387679,0.5915079,0.53051066,0.68723214,0.60502714,0.6398045,0.5333539,0.5629176,0.5305785,0.53323895,0.5454988,0.57494634,0.49117583,0.5189337,0.59095377,0.5359246,0.58339465,0.54576164
grey_obj1b.jpg,0.7661138,0.99999976,0.7766473,0.8407632,0.7405491,0.74447995,0.74769217,0.8226637,0.76430845,0.74808884,0.8146413,0.7568679,0.53486806,0.5489129,0.5938421,0.6279938,0.47675216,0.6054801,0.57509285,0.5524786,0.58126473,0.60861856,0.62099314,0.5811047,0.62855643,0.62202054,0.56060356,0.6197605,0.5504085,0.54338723,0.64459133,0.5690913,0.5535869,0.56767416,0.623759,0.58079696,0.57071364,0.6559237,0.60462564,0.6394989,0.57839686,0.5976728,0.59660876,0.599022,0.5915552,0.58977616,0.594954,0.59427774,0.611884,0.56642973,0.5691601,0.5487135,0.555592,0.5759353,0.5455564,0.59783554,0.5586239,0.59913945,0.61886185,0.52648795,0.5828974,0.554942,0.5628966,0.6316763,0.53647685,0.52473176,0.55269766,0.56575215,0.6089915,0.59759307,0.60609335,0.5568493,0.5605426,0.6722992,0.58024025,0.6200815,0.5770969,0.60581845,0.5228163,0.54389405,0.6029977,0.6233071,0.63447577,0.62952197,0.6053569,0.59331423,0.5916332,0.61820257,0.60940546,0.63218045,0.56359553,0.60322106,0.6458953,0.58967763,0.65543437,0.5865491
grey_obj1c.jpg,0.8834111,0.7766473,1.0,0.84615743,0.8591289,0.7010287,0.8536685,0.8614075,0.69243896,0.7734432,0.8182531,0.67679983,0.55033904,0.5079403,0.5279447,0.5828692,0.4777343,0.564963,0.51831204,0.5594555,0.56506896,0.61001736,0.6235772,0.560366,0.5828685,0.62957007,0.5536186,0.6150767,0.5772994,0.57144165,0.6826038,0.61697316,0.5497412,0.563377,0.644925,0.5793196,0.585919,0.5890088,0.6087782,0.6265335,0.5763148,0.5672505,0.5850198,0.5948915,0.6040189,0.5563003,0.5569524,0.57641286,0.5845841,0.57883984,0.5252288,0.5480057,0.55073893,0.55511993,0.5101685,0.5731059,0.54223454,0.6198564,0.60168153,0.5023085,0.5508245,0.5598897,0.5571844,0.5532471,0.50138533,0.5309324,0.5833551,0.55022365,0.581887,0.56969565,0.5903127,0.53875375,0.6427887,0.685833,0.6404819,0.66388977,0.64286757,0.63987267,0.5791563,0.6258632,0.5575024,0.6805733,0.6343019,0.67677504,0.5507619,0.57425874,0.5546561,0.5538882,0.5710557,0.5855352,0.50895536,0.5444307,0.6167774,0.55308586,0.59604394,0.53357947
grey_obj1d.jpg,0.8192243,0.8407632,0.84615743,1.0,0.7999574,0.7720265,0.7837608,0.8953727,0.7721196,0.8196329,0.8468531,0.7775196,0.5530629,0.55665165,0.56902647,0.62538993,0.49519172,0.59376156,0.57815045,0.56148696,0.5751442,0.6054866,0.65871406,0.59669214,0.5746563,0.58408034,0.5368685,0.5822986,0.52702165,0.50725514,0.63431585,0.55969346,0.5354796,0.54770863,0.59012365,0.56078154,0.6059958,0.6363811,0.63294995,0.6510262,0.5951747,0.6022475,0.6072842,0.60027456,0.6145597,0.5887422,0.6057476,0.6059183,0.5994603,0.58166385,0.5595515,0.5509464,0.568025,0.56562597,0.54173625,0.60125613,0.5605639,0.61910206,0.6171441,0.5209945,0.55899084,0.566832,0.553385,0.60193497,0.5281432,0.5379602,0.5783169,0.56724143,0.6138034,0.59089607,0.5866273,0.5726925,0.56680226,0.610901,0.5629884,0.62390876,0.57292783,0.56995356,0.5000725,0.5276612,0.55412304,0.6243125,0.55725515,0.5775975,0.60418016,0.63349086,0.6378641,0.6345569,0.64036226,0.63667566,0.5819547,0.626701,0.6886443,0.5945874,0.6703376,0.58235157
grey_obj1e.jpg,0.8287461,0.7405491,0.8591289,0.7999574,1.0000001,0.6403815,0.83822256,0.82429767,0.6924211,0.7498237,0.84124136,0.6367757,0.545998,0.5171756,0.53402984,0.6080769,0.50429106,0.5702101,0.5287918,0.52360076,0.5507407,0.57531106,0.6220149,0.56985277,0.5902331,0.5923367,0.5402056,0.6052343,0.5839845,0.5693125,0.64491785,0.5935125,0.5315871,0.5494164,0.61213356,0.5475696,0.5796712,0.567298,0.60790336,0.5787686,0.5936916,0.60513645,0.5950941,0.5960151,0.6221733,0.5417454,0.5473905,0.5727615,0.5394531,0.56713974,0.5200744,0.5115653,0.5175385,0.5292062,0.4866935,0.54746103,0.5206445,0.57797307,0.5791358,0.4730688,0.53831893,0.56993616,0.56694007,0.50033,0.5030575,0.55666316,0.5818518,0.54529274,0.5441334,0.56469035,0.581547,0.5033918,0.6439197,0.6574125,0.60797036,0.6286634,0.65581936,0.62948626,0.59183896,0.61500245,0.5260169,0.6741674,0.6090546,0.6625892,0.53022254,0.5370217,0.5538084,0.5219855,0.54497874,0.54573673,0.48048478,0.51546293,0.579639,0.53003067,0.5495722,0.5172606
grey_obj1f.jpg,0.7462427,0.74447995,0.7010287,0.7720265,0.6403815,0.9999999,0.66379344,0.7861975,0.8014789,0.7734209,0.7433569,0.79496855,0.5860025,0.64881796,0.64496934,0.67918444,0.55884504,0.6304692,0.6616372,0.6504568,0.6613762,0.6919038,0.677369,0.6345866,0.6386357,0.7145808,0.5759269,0.6004342,0.6047485,0.58806777,0.71178234,0.6266461,0.6169087,0.61146843,0.67682743,0.6553804,0.678891,0.7094164,0.69264454,0.67617756,0.6900368,0.64634305,0.6736049,0.6465466,0.6576636,0.62157935,0.697055,0.6534315,0.6866676,0.6715028,0.60638976,0.61754423,0.57222444,0.6339395,0.58207834,0.6149672,0.61446095,0.70169336,0.65753603,0.5784876,0.6033384,0.6248123,0.6107016,0.5989622,0.5634985,0.6156146,0.6572937,0.5866395,0.6399125,0.6022407,0.6243873,0.63465106,0.59788346,0.64962614,0.63332355,0.6400863,0.6289339,0.6261946,0.5333035,0.56061244,0.6239472,0.6362197,0.6132996,0.6537245,0.66540366,0.6809949,0.71566784,0.7138322,0.71047366,0.72743106,0.6421548,0.69124305,0.71519214,0.67218477,0.75253487,0.6664842
grey_obj1g.jpg,0.80726063,0.74769217,0.8536685,0.7837608,0.83822256,0.66379344,1.0,0.81447995,0.71949595,0.752682,0.7899638,0.6824907,0.5458616,0.54055464,0.5602305,0.60229284,0.5134124,0.57560754,0.5276425,0.5530467,0.57276446,0.6095961,0.59399635,0.5677391,0.65014964,0.6450952,0.60599893,0.6887969,0.631492,0.6235718,0.6992165,0.6349983,0.58312243,0.5974328,0.6474513,0.605821,0.59465814,0.61444604,0.6342408,0.65006167,0.59740335,0.5715768,0.585947,0.60098666,0.6264922,0.5832489,0.5803202,0.5966176,0.567776,0.5760339,0.52776223,0.5485457,0.54018795,0.5568126,0.515466,0.5532179,0.53751004,0.60294116,0.5868486,0.5177805,0.5509432,0.5798394,0.5881607,0.51987696,0.536502,0.5813425,0.6413883,0.54307544,0.6036647,0.56062317,0.6191104,0.5436095,0.7278656,0.78084403,0.6676812,0.713256,0.7132269,0.674918,0.68199205,0.7162823,0.613661,0.7417196,0.7264173,0.7273315,0.57736164,0.56327724,0.57023406,0.5806037,0.574411,0.5879202,0.5376215,0.55298746,0.5804849,0.5849602,0.57990515,0.5629486
grey_obj1h.jpg,0.8474743,0.8226637,0.8614075,0.8953727,0.82429767,0.7861975,0.81447995,0.99999994,0.7688291,0.804706,0.82929564,0.76233095,0.53601015,0.51946294,0.54838324,0.5926701,0.4808886,0.58320963,0.5637252,0.56642663,0.560127,0.59322906,0.62854695,0.5724195,0.6016964,0.61557,0.5639525,0.60421383,0.5736385,0.5474611,0.6551923,0.60508144,0.5605227,0.55584085,0.6201199,0.5721169,0.629221,0.64050376,0.6473861,0.6559081,0.6153232,0.60985726,0.60867256,0.6142644,0.6058983,0.59397185,0.6385122,0.62715685,0.6038535,0.5936506,0.53116,0.5424161,0.54747206,0.54536456,0.5345659,0.57644904,0.5418222,0.6266796,0.60169464,0.4959866,0.5373554,0.5426263,0.53704786,0.5908449,0.51063925,0.53883594,0.57982475,0.5399744,0.5992931,0.56249243,0.6114,0.5365298,0.6105518,0.6566986,0.60422003,0.61869603,0.6197337,0.61309683,0.55004305,0.5745363,0.5874794,0.6609651,0.5910632,0.6393313,0.59814656,0.61152315,0.6160875,0.6107857,0.6255566,0.63009036,0.5601513,0.61182255,0.66846764,0.5919347,0.6664003,0.5744344
grey_obj1i.jpg,0.7183742,0.76430845,0.69243896,0.7721196,0.6924211,0.8014789,0.71949595,0.7688291,0.9999996,0.8486903,0.77120775,0.78084266,0.5271511,0.5538606,0.5874869,0.627957,0.5035112,0.6143027,0.6095686,0.5660988,0.5986812,0.61720777,0.63728637,0.5745093,0.68501186,0.6896999,0.6074992,0.6261387,0.61955714,0.6103004,0.70702255,0.6108769,0.6433157,0.6305009,0.69383276,0.68006104,0.6341185,0.69172883,0.6778075,0.6722215,0.6341177,0.6423116,0.7092519,0.64025265,0.6271563,0.6188567,0.61178285,0.63278663,0.66682285,0.642667,0.6024135,0.6167183,0.56604725,0.634238,0.5556141,0.63775504,0.5726284,0.6683653,0.64558053,0.5793739,0.6085454,0.57677764,0.6128109,0.5915004,0.59121394,0.64602154,0.6740759,0.5954213,0.5777172,0.6166628,0.66232765,0.56432104,0.5709499,0.6391365,0.59831697,0.6213522,0.6138529,0.6121324,0.51918834,0.556012,0.6022908,0.5965483,0.6624083,0.642728,0.6214436,0.62082803,0.6527602,0.636851,0.68315065,0.63630664,0.55815756,0.61544746,0.6853445,0.6156599,0.7619706,0.6369363
grey_obj1j.jpg,0.7708845,0.74808884,0.7734432,0.8196329,0.7498237,0.7734209,0.752682,0.804706,0.8486903,1.0,0.8171354,0.76815224,0.54376966,0.522757,0.55297256,0.6127569,0.47911283,0.5902507,0.59601825,0.58584076,0.598488,0.6336912,0.67934114,0.59143597,0.6067927,0.62804806,0.5375766,0.5671892,0.5475566,0.5168289,0.6717607,0.5620477,0.54940444,0.5885626,0.63651067,0.5787845,0.6290491,0.6574751,0.6657161,0.6807967,0.65961933,0.64145654,0.6950176,0.62500787,0.636125,0.61645395,0.6169878,0.6350308,0.6386218,0.59082913,0.5493543,0.5788432,0.5279998,0.61019146,0.52771676,0.6228083,0.5482738,0.66396743,0.6187993,0.53051263,0.54261243,0.5651211,0.5519127,0.54063904,0.5174551,0.5527941,0.59197646,0.5355315,0.55798423,0.559687,0.6037563,0.51791424,0.56554323,0.5908729,0.6000199,0.5764311,0.5862415,0.57046914,0.49293837,0.5288133,0.56316984,0.58501065,0.5646244,0.5716845,0.6472613,0.64960694,0.66692305,0.63311094,0.725185,0.66504276,0.58766735,0.659037,0.695799,0.63265383,0.7496822,0.6284692
grey_obj1k.jpg,0.82203346,0.8146413,0.8182531,0.8468531,0.84124136,0.7433569,0.7899638,0.82929564,0.77120775,0.8171354,0.9999999,0.72302973,0.59956,0.57528716,0.6104564,0.6830555,0.5335874,0.6534933,0.6065497,0.5965569,0.6260012,0.66174316,0.7097095,0.6337978,0.6508262,0.64741015,0.5599486,0.62847126,0.58196574,0.57047486,0.7132013,0.60374975,0.59391123,0.58899117,0.6693173,0.62719893,0.6143207,0.63960946,0.6556117,0.6368978,0.63032126,0.63047093,0.63556546,0.63783014,0.6431906,0.5989246,0.5883499,0.61862063,0.6508658,0.62394047,0.5796407,0.6084895,0.5893407,0.6295886,0.5732393,0.6240104,0.595463,0.6498983,0.6641998,0.5576327,0.60507286,0.6127649,0.62023264,0.5917671,0.5909981,0.5978877,0.61553043,0.5987344,0.61772287,0.64000475,0.6400677,0.5845431,0.6225717,0.6449794,0.64332235,0.64012486,0.67416614,0.6633121,0.5474482,0.60743785,0.58242524,0.6759369,0.64052,0.6701995,0.6222501,0.6596024,0.6204234,0.63427806,0.6490567,0.6586135,0.5656603,0.6199111,0.67753315,0.6321568,0.68713593,0.6184379
grey_obj1l.jpg,0.70077163,0.7568679,0.67679983,0.7775196,0.6367757,0.79496855,0.6824907,0.76233095,0.78084266,0.76815224,0.72302973,1.0000005,0.5818672,0.5950062,0.6216774,0.62376714,0.5049519,0.6174727,0.6857272,0.6643728,0.6142901,0.6425429,0.6250709,0.5850183,0.6219474,0.65067613,0.62513006,0.618453,0.630771,0.5954063,0.6778264,0.66142637,0.6070536,0.59849226,0.6203911,0.60921633,0.7046648,0.7214039,0.740028,0.69138944,0.63289607,0.6252571,0.6869461,0.63355577,0.6275564,0.6426127,0.6941013,0.67525566,0.64094734,0.60166,0.56161094,0.54428226,0.5515386,0.55574447,0.5539331,0.6240654,0.5837657,0.65386033,0.6170505,0.5207395,0.57596093,0.6246895,0.5942327,0.6423563,0.55521786,0.5827421,0.6350913,0.5491908,0.6598707,0.6109983,0.6753588,0.5907309,0.55758435,0.6467077,0.54687643,0.6143987,0.58633375,0.559458,0.4911492,0.5221124,0.5562988,0.606362,0.551819,0.56787306,0.6410239,0.698559,0.6926363,0.70115405,0.69301695,0.7001919,0.68663204,0.71589345,0.70579976,0.69541156,0.72248495,0.5988777
grey_obj2a.jpg,0.5413844,0.53486806,0.55033904,0.5530629,0.545998,0.5860025,0.5458616,0.53601015,0.5271511,0.54376966,0.59956,0.5818672,1.0,0.69339526,0.69071615,0.7500066,0.7974847,0.6762716,0.6576299,0.8381749,0.8552004,0.8274366,0.76645315,0.73672724,0.5747702,0.5763036,0.53433174,0.5579933,0.58683205,0.58494663,0.6110468,0.62287885,0.5261282,0.58512866,0.63312584,0.54614973,0.5937971,0.637846,0.61714697,0.5914921,0.61839336,0.59830314,0.5510776,0.64796704,0.68017334,0.5977553,0.6057186,0.62666094,0.5904981,0.61137223,0.5768068,0.5422817,0.51052296,0.5930385,0.510614,0.58581805,0.6759723,0.5814179,0.6395554,0.50090474,0.6038903,0.73647624,0.6531318,0.5740546,0.60368484,0.5828136,0.6102887,0.60621405,0.60442626,0.59771866,0.5763849,0.5589009,0.55595845,0.5986477,0.58818305,0.59779453,0.5927061,0.53220075,0.51048553,0.56144214,0.56411934,0.5915018,0.5317811,0.55245906,0.6002077,0.62766445,0.616246,0.6582887,0.6358301,0.6687055,0.62073106,0.63979626,0.555197,0.6432786,0.58439946,0.6123075
grey_obj2b.jpg,0.51144207,0.5489129,0.5079403,0.55665165,0.5171756,0.64881796,0.54055464,0.51946294,0.5538606,0.522757,0.57528716,0.5950062,0.69339526,1.0,0.9011262,0.83000195,0.7817602,0.753856,0.7335759,0.73828304,0.7818178,0.7617761,0.7277214,0.7597433,0.5983755,0.5786207,0.5341737,0.5410557,0.6208405,0.6064509,0.62186784,0.5839673,0.5740469,0.68340576,0.63655543,0.6241935,0.5697485,0.61982244,0.59790504,0.55857253,0.5894255,0.57840985,0.5987694,0.6207638,0.6326246,0.5626609,0.6208304,0.6186632,0.62936044,0.6414572,0.6038201,0.5692159,0.5629387,0.59049875,0.5435364,0.5641991,0.6140232,0.5828307,0.6159556,0.541966,0.65952235,0.6631425,0.6697515,0.5702534,0.65188885,0.6361992,0.64523035,0.64824426,0.5685797,0.66615474,0.620989,0.5516335,0.53904617,0.56976026,0.5705393,0.5783072,0.564933,0.5260873,0.4951831,0.53548986,0.5471513,0.54531866,0.559221,0.539224,0.57334936,0.5937697,0.62222564,0.6410531,0.6052689,0.6203464,0.5986342,0.5784755,0.5323984,0.6512921,0.5381988,0.62607145
grey_obj2c.jpg,0.5355321,0.5938421,0.5279447,0.56902647,0.53402984,0.64496934,0.5602305,0.54838324,0.5874869,0.55297256,0.6104564,0.6216774,0.69071615,0.9011262,0.9999999,0.8391139,0.7124945,0.7892719,0.77401996,0.75610095,0.7709417,0.78631365,0.6974901,0.76843727,0.63055354,0.60117906,0.5423524,0.5759086,0.62753665,0.62180054,0.62997,0.5894698,0.59091425,0.6901933,0.652988,0.64258283,0.55723566,0.6657815,0.6238427,0.58631796,0.6029791,0.59540653,0.61180884,0.63921523,0.64230067,0.5911313,0.6353437,0.63533497,0.64400584,0.6302875,0.60281307,0.6028206,0.564355,0.613794,0.5409276,0.55940783,0.6109799,0.5953658,0.61191964,0.55934477,0.6585971,0.6344975,0.6611617,0.60162026,0.6495779,0.6343989,0.65961516,0.6382949,0.58137196,0.6795979,0.64155316,0.5585323,0.55794626,0.5933252,0.605122,0.5796417,0.5817773,0.56683904,0.4993686,0.55738956,0.5807906,0.55657107,0.58579034,0.568859,0.59291065,0.60016805,0.60321844,0.65909964,0.62056947,0.64203805,0.6242166,0.60631025,0.54434526,0.6815715,0.5627062,0.62442994
grey_obj2d.jpg,0.59307075,0.6279938,0.5828692,0.62538993,0.6080769,0.67918444,0.60229284,0.5926701,0.627957,0.6127569,0.6830555,0.62376714,0.7500066,0.83000195,0.8391139,1.0000001,0.76797295,0.80513954,0.7965851,0.7564525,0.82461506,0.8512267,0.81302774,0.87491655,0.63564783,0.6147828,0.546459,0.5737405,0.62477916,0.64018035,0.6480392,0.60497344,0.6040257,0.6945201,0.67435026,0.6739082,0.59515816,0.6413171,0.6371592,0.57560086,0.6488873,0.5965231,0.6239519,0.6393002,0.6341755,0.5751205,0.60182124,0.6286621,0.6543133,0.64288867,0.6505771,0.6076646,0.5636767,0.6132886,0.5637446,0.59546024,0.6299109,0.60968924,0.64828557,0.5507169,0.6400372,0.64826494,0.64209414,0.5775445,0.6195859,0.6035907,0.626106,0.66960424,0.5889261,0.6348983,0.66216326,0.5512624,0.574422,0.6119177,0.62914675,0.6216277,0.6019182,0.5781062,0.5240648,0.5789655,0.58315754,0.59793526,0.6072209,0.59662175,0.5921347,0.60130394,0.6182226,0.64941704,0.62517774,0.6368248,0.5922736,0.6022043,0.58243173,0.661878,0.59963226,0.6278827
grey_obj2e.jpg,0.49145353,0.47675216,0.4777343,0.49519172,0.50429106,0.55884504,0.5134124,0.4808886,0.5035112,0.47911283,0.5335874,0.5049519,0.7974847,0.7817602,0.7124945,0.76797295,0.99999976,0.7416861,0.5963802,0.75159067,0.8579039,0.7709624,0.7486784,0.7968691,0.5423062,0.5275415,0.4896118,0.5056429,0.55608994,0.572709,0.57448727,0.5418439,0.50693417,0.5780029,0.5848035,0.51475644,0.5426408,0.572021,0.5577174,0.49585408,0.55427486,0.5280973,0.51346254,0.54602873,0.5965502,0.52254796,0.5230805,0.5479479,0.5451828,0.59886926,0.5719533,0.49920616,0.49184188,0.5193442,0.48872578,0.5146851,0.59257984,0.5366392,0.6005707,0.46718186,0.5703274,0.66732067,0.63249665,0.46712267,0.57302934,0.5826704,0.5924482,0.55443954,0.5084178,0.5457629,0.54941034,0.49813485,0.5240264,0.53487676,0.53919214,0.55526257,0.5507397,0.48764637,0.48968893,0.525095,0.53831214,0.53261495,0.50957286,0.51049054,0.49154305,0.52176535,0.53136444,0.55360425,0.52692974,0.530545,0.5006757,0.5065422,0.4817127,0.54787904,0.4911224,0.52162975
grey_obj2f.jpg,0.58048344,0.6054801,0.564963,0.59376156,0.5702101,0.6304692,0.57560754,0.58320963,0.6143027,0.5902507,0.6534933,0.6174727,0.6762716,0.753856,0.7892719,0.80513954,0.7416861,1.0,0.72344995,0.7744665,0.81462854,0.77955985,0.7667778,0.872916,0.61155987,0.59289354,0.5474299,0.59803057,0.6263899,0.6472818,0.6393166,0.6236258,0.61852646,0.65852135,0.6513944,0.6101125,0.56536293,0.600376,0.61189795,0.55530775,0.5845036,0.5670664,0.5842184,0.5916134,0.5938741,0.5527602,0.60152507,0.60275894,0.63365763,0.6169831,0.5976399,0.55571306,0.56737983,0.5530768,0.533429,0.569319,0.6142923,0.61369914,0.61177766,0.5206211,0.6189713,0.6764883,0.66090804,0.58485603,0.65497583,0.65325487,0.658002,0.61876035,0.55233896,0.64769816,0.68230784,0.54328877,0.55113214,0.5904365,0.6106732,0.588153,0.6121754,0.5840529,0.50786906,0.58197314,0.57042515,0.60237944,0.59862715,0.60023403,0.5775449,0.63383263,0.61031103,0.67344326,0.6230509,0.6429225,0.5973314,0.63112235,0.59196806,0.67227155,0.59491396,0.6132763
grey_obj2g.jpg,0.5448947,0.57509285,0.51831204,0.57815045,0.5287918,0.6616372,0.5276425,0.5637252,0.6095686,0.59601825,0.6065497,0.6857272,0.6576299,0.7335759,0.77401996,0.7965851,0.5963802,0.72344995,0.99999994,0.7294192,0.7120949,0.74556077,0.6750083,0.70484847,0.61543345,0.62346274,0.59193754,0.5627627,0.69003284,0.6384033,0.66661954,0.6781008,0.57811743,0.6562281,0.6472215,0.6329329,0.638117,0.6560148,0.65206647,0.5854402,0.64672923,0.624827,0.65185064,0.5834821,0.60033715,0.63628834,0.6255115,0.67520016,0.61832935,0.6413329,0.5824518,0.53698885,0.54185367,0.5503697,0.5451804,0.58544654,0.6129106,0.5874559,0.5998436,0.5023099,0.559941,0.6201294,0.59642744,0.6067346,0.58870643,0.6079358,0.6190491,0.61343366,0.5793902,0.63547474,0.653984,0.49372387,0.4967842,0.5630862,0.5613522,0.5394925,0.546032,0.5191088,0.43564248,0.50188786,0.54639244,0.5397883,0.5171898,0.54215926,0.61736166,0.6430916,0.6601314,0.70546734,0.65048456,0.67488134,0.6857864,0.68793815,0.6000813,0.74742925,0.59610045,0.6194817
grey_obj2h.jpg,0.5619496,0.5524786,0.5594555,0.56148696,0.52360076,0.6504568,0.5530467,0.56642663,0.5660988,0.58584076,0.5965569,0.6643728,0.8381749,0.73828304,0.75610095,0.7564525,0.75159067,0.7744665,0.7294192,1.0,0.89045167,0.8485951,0.7473886,0.7784618,0.63539577,0.6192603,0.5780425,0.5887318,0.64134485,0.61037606,0.6415672,0.6765243,0.56363374,0.6216474,0.64526844,0.60090476,0.65191615,0.6513349,0.65961194,0.6384817,0.6374855,0.62015814,0.5813123,0.6206758,0.61955506,0.59875524,0.63538367,0.64995205,0.6154398,0.6287505,0.5716199,0.5565843,0.5436337,0.57342184,0.5453219,0.6012544,0.65866214,0.6393694,0.6551494,0.5363515,0.56624174,0.6904961,0.6120453,0.5682709,0.5779809,0.59288627,0.6239727,0.5671803,0.58165675,0.5963887,0.61573577,0.51177293,0.55874944,0.61370933,0.60336936,0.5940763,0.6146388,0.5564382,0.5073599,0.5766872,0.5766245,0.60219467,0.5554815,0.5637792,0.6077119,0.6867595,0.66435474,0.6751964,0.6910818,0.689002,0.6533374,0.69080234,0.58747387,0.72362894,0.62248147,0.61947525
grey_obj2i.jpg,0.5718558,0.58126473,0.56506896,0.5751442,0.5507407,0.6613762,0.57276446,0.560127,0.5986812,0.598488,0.6260012,0.6142901,0.8552004,0.7818178,0.7709417,0.82461506,0.8579039,0.81462854,0.7120949,0.89045167,1.0000002,0.8771359,0.81700987,0.8539324,0.640192,0.6269054,0.55541974,0.5818338,0.64913446,0.6466364,0.6439078,0.6393536,0.6009722,0.67424065,0.66323787,0.6314039,0.62117445,0.64915276,0.6534907,0.6058772,0.6597234,0.6046463,0.59813035,0.6242235,0.6366398,0.5835733,0.62679213,0.62277424,0.638944,0.664205,0.624458,0.5926772,0.5528719,0.61780167,0.559982,0.6243851,0.66678625,0.64199513,0.6635947,0.5616573,0.5956343,0.7233469,0.65699023,0.55417156,0.6117259,0.6287565,0.66204417,0.6079383,0.58529115,0.6091285,0.6365118,0.54255354,0.5721761,0.6174309,0.6246617,0.6324117,0.6237549,0.5651662,0.52644414,0.5848744,0.5901309,0.59747726,0.5855418,0.5802818,0.615571,0.64144325,0.6610597,0.6723848,0.6767809,0.67574644,0.62414557,0.65321237,0.58408153,0.6794076,0.6220319,0.64083123
grey_obj2j.jpg,0.61176157,0.60861856,0.61001736,0.6054866,0.57531106,0.6919038,0.6095961,0.59322906,0.61720777,0.6336912,0.66174316,0.6425429,0.8274366,0.7617761,0.78631365,0.8512267,0.7709624,0.77955985,0.74556077,0.8485951,0.8771359,1.0000001,0.80866224,0.811911,0.65827376,0.64000356,0.5725886,0.6039971,0.6397483,0.63458085,0.6720494,0.625226,0.5887452,0.658929,0.68338716,0.6691914,0.6272173,0.67765486,0.67667305,0.6266836,0.67620975,0.60179293,0.6258339,0.6516975,0.6556674,0.6119353,0.639225,0.6486714,0.6621148,0.6640818,0.62084126,0.60761815,0.5605613,0.60902995,0.5649959,0.61389405,0.64077806,0.64408654,0.66179395,0.5501074,0.5839045,0.6667068,0.6158661,0.5619534,0.56960386,0.59294534,0.63078064,0.60380816,0.57695156,0.58519727,0.64433396,0.54170626,0.58219606,0.63494045,0.6264379,0.6247677,0.6273289,0.5865313,0.5485495,0.60029817,0.58861333,0.60867465,0.606657,0.6042103,0.62126404,0.63358045,0.65159327,0.6799831,0.6749914,0.6751624,0.62463975,0.6602328,0.60927266,0.6885303,0.6269493,0.6504199
grey_obj2k.jpg,0.61959404,0.62099314,0.6235772,0.65871406,0.6220149,0.677369,0.59399635,0.62854695,0.63728637,0.67934114,0.7097095,0.6250709,0.76645315,0.7277214,0.6974901,0.81302774,0.7486784,0.7667778,0.6750083,0.7473886,0.81700987,0.80866224,0.9999999,0.82207245,0.5915021,0.5852495,0.49408162,0.5404731,0.5534594,0.5543441,0.61472565,0.5587235,0.5513139,0.6139674,0.6406243,0.60622466,0.62546104,0.65101874,0.63081765,0.58930135,0.6644945,0.61156464,0.6394176,0.6784892,0.6762284,0.60121924,0.6368569,0.64509505,0.6671555,0.6562487,0.6506345,0.60123783,0.5790173,0.6080111,0.5794507,0.6175475,0.6211184,0.6396297,0.6881233,0.54231536,0.58863616,0.65832335,0.6038614,0.5466087,0.57907796,0.57248616,0.5876218,0.6169035,0.54138005,0.6071083,0.6195778,0.5206796,0.5502918,0.57777196,0.58286333,0.5993587,0.58980054,0.5342812,0.4966084,0.5411568,0.55836296,0.5665728,0.5566328,0.55450535,0.5971811,0.638831,0.7037661,0.6771865,0.69992226,0.68829143,0.5986224,0.63387614,0.62695897,0.63801587,0.61644655,0.63897204
grey_obj2l.jpg,0.594006,0.5811047,0.560366,0.59669214,0.56985277,0.6345866,0.5677391,0.5724195,0.5745093,0.59143597,0.6337978,0.5850183,0.73672724,0.7597433,0.76843727,0.87491655,0.7968691,0.872916,0.70484847,0.7784618,0.8539324,0.811911,0.82207245,1.0,0.57984835,0.5563215,0.49703482,0.54741335,0.5586607,0.58515567,0.58646244,0.5699479,0.55184555,0.6245471,0.62201995,0.5778787,0.54985845,0.59025455,0.58767736,0.5348122,0.5950804,0.544992,0.5580653,0.6178992,0.6178997,0.52627146,0.58179116,0.5700256,0.60512584,0.60033154,0.58558047,0.54349273,0.50560254,0.5682435,0.50339013,0.53149027,0.5888517,0.5824452,0.59827733,0.5020485,0.6018894,0.63857746,0.6114114,0.54429543,0.58567953,0.57965183,0.59293574,0.58784646,0.54490966,0.5945307,0.6317082,0.51639456,0.5584971,0.5573085,0.6050758,0.5856583,0.599093,0.5555596,0.5037587,0.56331867,0.5451844,0.5823419,0.5584946,0.5557952,0.55240214,0.5907287,0.5864488,0.6093489,0.607545,0.6051779,0.5506893,0.5751982,0.5568763,0.6080169,0.564466,0.5866555
grey_obj3a.jpg,0.58282536,0.62855643,0.5828685,0.5746563,0.5902331,0.6386357,0.65014964,0.6016964,0.68501186,0.6067927,0.6508262,0.6219474,0.5747702,0.5983755,0.63055354,0.63564783,0.5423062,0.61155987,0.61543345,0.63539577,0.640192,0.65827376,0.5915021,0.57984835,1.0000001,0.6755369,0.8291837,0.770698,0.7127745,0.7055841,0.70531213,0.706217,0.7546229,0.7969317,0.74959975,0.833337,0.6850011,0.6799359,0.67503154,0.76772845,0.69123095,0.65895647,0.6507941,0.66155505,0.6390353,0.6746743,0.6000115,0.69085586,0.69450396,0.6582473,0.608984,0.686116,0.58936137,0.6701323,0.58653295,0.6109469,0.63108325,0.6705501,0.6983519,0.6077753,0.54079896,0.55924344,0.5566346,0.60038215,0.5608016,0.5598367,0.6123037,0.5905527,0.5996845,0.5845066,0.5787184,0.49914575,0.65702707,0.71009576,0.72644234,0.68043315,0.7662724,0.73686284,0.63853115,0.7027398,0.6569749,0.7025109,0.7334783,0.71404546,0.60176724,0.6004478,0.62734437,0.6304143,0.60281324,0.6140863,0.58350176,0.62879384,0.5672384,0.6674727,0.6308421,0.6068994
grey_obj3b.jpg,0.66982174,0.62202054,0.62957007,0.58408034,0.5923367,0.7145808,0.6450952,0.61557,0.6896999,0.62804806,0.64741015,0.65067613,0.5763036,0.5786207,0.60117906,0.6147828,0.5275415,0.59289354,0.62346274,0.6192603,0.6269054,0.64000356,0.5852495,0.5563215,0.6755369,0.9999997,0.69947577,0.6494436,0.7174242,0.7414659,0.88289344,0.7630985,0.7155216,0.66323984,0.81137455,0.708287,0.67129195,0.6508174,0.6443476,0.6535846,0.6532909,0.608285,0.6084486,0.5885305,0.6151242,0.5864751,0.57793146,0.6370233,0.6235223,0.71854275,0.5629728,0.59857255,0.556501,0.605812,0.5542836,0.54978603,0.57409376,0.63723105,0.6566741,0.57453567,0.5700612,0.63231415,0.623891,0.53234386,0.5786166,0.64226884,0.6832637,0.59738916,0.5750715,0.5975574,0.64091253,0.5946301,0.6052281,0.6509889,0.65285116,0.6042205,0.68393975,0.6481124,0.547744,0.6189915,0.5510638,0.62311554,0.64039135,0.6575104,0.5560272,0.5610616,0.57941693,0.60513914,0.5557889,0.61217326,0.5271256,0.5534697,0.54308975,0.5869885,0.5799997,0.57725185
grey_obj3c.jpg,0.5619867,0.56060356,0.5536186,0.5368685,0.5402056,0.5759269,0.60599893,0.5639525,0.6074992,0.5375766,0.5599486,0.62513006,0.53433174,0.5341737,0.5423524,0.546459,0.4896118,0.5474299,0.59193754,0.5780425,0.55541974,0.5725886,0.49408162,0.49703482,0.8291837,0.69947577,1.0000001,0.7300032,0.72335285,0.7558365,0.71333164,0.80317426,0.7878636,0.7611902,0.7304192,0.76372415,0.63487387,0.6113864,0.61056715,0.6832555,0.5832758,0.5574427,0.54261553,0.55840945,0.56621385,0.63265085,0.5510642,0.65761733,0.587109,0.6005028,0.5132685,0.56585765,0.52845365,0.5743621,0.5185152,0.5258477,0.5635373,0.5716839,0.59849614,0.52773774,0.5089724,0.5579304,0.5257475,0.56232697,0.5248763,0.55259067,0.5942614,0.55423695,0.55446064,0.5462797,0.57761383,0.51826143,0.58619666,0.67481,0.64878154,0.6059542,0.6942103,0.65472716,0.5615064,0.6212473,0.55613595,0.6666888,0.6391381,0.6443474,0.5389632,0.58353084,0.5314609,0.5975693,0.528147,0.54692537,0.5480511,0.5889042,0.503174,0.6106462,0.55607736,0.52213913
grey_obj3d.jpg,0.60765135,0.6197605,0.6150767,0.5822986,0.6052343,0.6004342,0.6887969,0.60421383,0.6261387,0.5671892,0.62847126,0.618453,0.5579933,0.5410557,0.5759086,0.5737405,0.5056429,0.59803057,0.5627627,0.5887318,0.5818338,0.6039971,0.5404731,0.54741335,0.770698,0.6494436,0.7300032,1.0000004,0.6880766,0.70582205,0.7145559,0.6775771,0.7002519,0.7054671,0.6578137,0.71078163,0.5770046,0.60088444,0.5942743,0.65576434,0.5832806,0.5870302,0.52365077,0.6093129,0.6077488,0.57665443,0.58211994,0.6121226,0.57715505,0.5660061,0.5269383,0.58115256,0.5831122,0.5781446,0.5450497,0.530338,0.5945459,0.5813823,0.5890777,0.5760596,0.57582057,0.58189225,0.57565475,0.61985826,0.5888466,0.56643295,0.62682915,0.5645364,0.6103858,0.5788053,0.59950316,0.5567845,0.65516025,0.7041884,0.6809597,0.6405637,0.74177194,0.7090681,0.63711953,0.68613404,0.58681315,0.7211083,0.696133,0.7057674,0.5649832,0.58007926,0.55821306,0.6039718,0.5460346,0.58400846,0.55001926,0.5804155,0.55266595,0.589405,0.57493305,0.53371125
grey_obj3e.jpg,0.55891657,0.5504085,0.5772994,0.52702165,0.5839845,0.6047485,0.631492,0.5736385,0.61955714,0.5475566,0.58196574,0.630771,0.58683205,0.6208405,0.62753665,0.62477916,0.55608994,0.6263899,0.69003284,0.64134485,0.64913446,0.6397483,0.5534594,0.5586607,0.7127745,0.7174242,0.72335285,0.6880766,0.99999976,0.84456396,0.7092678,0.8161238,0.66946274,0.7128992,0.6944736,0.71503043,0.66348344,0.624484,0.66633576,0.620603,0.61388767,0.606313,0.59727234,0.57312137,0.5897269,0.61989915,0.5773152,0.6713086,0.6120707,0.67027074,0.5931982,0.588688,0.57181644,0.58746856,0.5880591,0.6119522,0.60505545,0.6194206,0.6530864,0.55943424,0.5460347,0.59336305,0.59632695,0.54539454,0.56771636,0.62223154,0.66535604,0.5859017,0.51829183,0.59987456,0.65557164,0.49187067,0.58954656,0.69807273,0.5754951,0.59689283,0.64989257,0.591213,0.640821,0.6388662,0.54764956,0.6126118,0.64488095,0.6901338,0.53980035,0.5575787,0.5527309,0.583258,0.5336019,0.56380415,0.53703284,0.568729,0.5274788,0.64200145,0.53656226,0.5378052
grey_obj3f.jpg,0.53880155,0.54338723,0.57144165,0.50725514,0.5693125,0.58806777,0.6235718,0.5474611,0.6103004,0.5168289,0.57047486,0.5954063,0.58494663,0.6064509,0.62180054,0.64018035,0.572709,0.6472818,0.6384033,0.61037606,0.6466364,0.63458085,0.5543441,0.58515567,0.7055841,0.7414659,0.7558365,0.70582205,0.84456396,1.0,0.7170504,0.8326762,0.81826705,0.81469005,0.7627685,0.76311666,0.5614331,0.55539143,0.5863245,0.5510822,0.54498833,0.509227,0.50514317,0.51836354,0.5359193,0.51891303,0.49130434,0.5953778,0.5761369,0.61951756,0.5800359,0.57672083,0.5533752,0.5641941,0.5222647,0.5580081,0.57055056,0.5640741,0.59370357,0.55125743,0.5741946,0.6082049,0.6423376,0.54474044,0.6082809,0.6572115,0.70217174,0.6005036,0.50873345,0.6007674,0.6564882,0.53370464,0.6362167,0.7143127,0.6475972,0.5964407,0.7268208,0.67088217,0.6460916,0.71360344,0.53985536,0.6609857,0.72267234,0.75184166,0.47130013,0.5202768,0.5003478,0.5491376,0.47929484,0.5166496,0.4888323,0.50610864,0.4894889,0.5796872,0.5296349,0.4895513
grey_obj3g.jpg,0.7024823,0.64459133,0.6826038,0.63431585,0.64491785,0.71178234,0.6992165,0.6551923,0.70702255,0.6717607,0.7132013,0.6778264,0.6110468,0.62186784,0.62997,0.6480392,0.57448727,0.6393166,0.66661954,0.6415672,0.6439078,0.6720494,0.61472565,0.58646244,0.70531213,0.88289344,0.71333164,0.7145559,0.7092678,0.7170504,0.9999999,0.74574167,0.67719173,0.6647922,0.8049483,0.6828075,0.67293763,0.67063934,0.6578956,0.65677243,0.64833665,0.6453941,0.63476115,0.6343803,0.68757737,0.63006896,0.59353137,0.65475726,0.60229045,0.6709117,0.5488986,0.56251067,0.541734,0.5923106,0.5200102,0.5238342,0.6060606,0.6243531,0.66096425,0.53520364,0.5918936,0.66880476,0.6716944,0.5609611,0.61684644,0.688757,0.72715,0.60274225,0.6289262,0.6181232,0.67314285,0.63183796,0.62073225,0.67960143,0.6651384,0.61650527,0.70350444,0.6429419,0.5682807,0.6330371,0.56148326,0.65252453,0.63328314,0.6582695,0.6066693,0.62201107,0.5904414,0.66142046,0.5838922,0.6442397,0.5813469,0.5968793,0.6036216,0.6437856,0.6106098,0.61291325
grey_obj3h.jpg,0.5994033,0.5690913,0.61697316,0.55969346,0.5935125,0.6266461,0.6349983,0.60508144,0.6108769,0.5620477,0.60374975,0.66142637,0.62287885,0.5839673,0.5894698,0.60497344,0.5418439,0.6236258,0.6781008,0.6765243,0.6393536,0.625226,0.5587235,0.5699479,0.706217,0.7630985,0.80317426,0.6775771,0.8161238,0.8326762,0.74574167,0.9999996,0.7505635,0.7232927,0.78685623,0.6984105,0.66197467,0.6145326,0.67489874,0.6413856,0.59059995,0.609457,0.5498742,0.59239095,0.5945767,0.6255327,0.56199193,0.70223475,0.5926299,0.64546144,0.5235592,0.5503101,0.53224164,0.57148695,0.5489944,0.57617086,0.5942523,0.58167726,0.6144825,0.52641386,0.5410526,0.6251551,0.5951807,0.5673786,0.5690448,0.60947627,0.65193456,0.58279824,0.5668839,0.5858503,0.64741063,0.5278732,0.6024131,0.7140293,0.63095355,0.5974231,0.68000436,0.63168013,0.5984146,0.65580106,0.55372983,0.6741985,0.63064635,0.6939949,0.5286509,0.5847503,0.5463375,0.6150051,0.5522869,0.5752971,0.54070985,0.5876306,0.52147025,0.6296196,0.5497937,0.51868635
grey_obj3i.jpg,0.55616194,0.5535869,0.5497412,0.5354796,0.5315871,0.6169087,0.58312243,0.5605227,0.6433157,0.54940444,0.59391123,0.6070536,0.5261282,0.5740469,0.59091425,0.6040257,0.50693417,0.61852646,0.57811743,0.56363374,0.6009722,0.5887452,0.5513139,0.55184555,0.7546229,0.7155216,0.7878636,0.7002519,0.66946274,0.81826705,0.67719173,0.7505635,1.0000002,0.84649616,0.76597106,0.81556195,0.5866624,0.5692019,0.5861821,0.5884315,0.5777645,0.53080463,0.5384479,0.536933,0.5258704,0.5277827,0.5464912,0.60146666,0.60545325,0.6469362,0.55302054,0.6070524,0.57785094,0.59033906,0.53498197,0.5435289,0.5689899,0.58553183,0.5849983,0.57394195,0.5812974,0.6063661,0.6105709,0.57527846,0.6103909,0.61604124,0.6698574,0.6136188,0.5699099,0.6134469,0.62141347,0.5780658,0.6400007,0.6536428,0.7461368,0.6361022,0.7418885,0.71983325,0.58630735,0.67288315,0.5551013,0.6663072,0.6969362,0.6863028,0.531526,0.5769718,0.5458571,0.5936252,0.5208674,0.5840835,0.5349995,0.5428511,0.5232802,0.5975864,0.6007425,0.531769
grey_obj3j.jpg,0.54885066,0.56767416,0.563377,0.54770863,0.5494164,0.61146843,0.5974328,0.55584085,0.6305009,0.5885626,0.58899117,0.59849226,0.58512866,0.68340576,0.6901933,0.6945201,0.5780029,0.65852135,0.6562281,0.6216474,0.67424065,0.658929,0.6139674,0.6245471,0.7969317,0.66323984,0.7611902,0.7054671,0.7128992,0.81469005,0.6647922,0.7232927,0.84649616,1.0000004,0.79687834,0.8255034,0.5885538,0.5944902,0.6059951,0.60911846,0.6123959,0.5708227,0.5717841,0.58250195,0.56238174,0.5604906,0.5686584,0.6221092,0.652667,0.64625704,0.6103283,0.6352188,0.553972,0.6317677,0.5464043,0.5915528,0.611591,0.60003966,0.62262446,0.58451486,0.5795089,0.582418,0.57806396,0.55405694,0.59438676,0.58531,0.62920874,0.61266124,0.54270077,0.5881237,0.6183387,0.5155966,0.6461135,0.67584103,0.74339354,0.6034292,0.7230892,0.7234635,0.61916184,0.6958004,0.55122066,0.67435384,0.71313715,0.71930474,0.5539787,0.5751153,0.59457874,0.6071521,0.56966954,0.5800327,0.5771005,0.5890089,0.54502296,0.6499599,0.5830339,0.55803055
grey_obj3k.jpg,0.6467232,0.623759,0.644925,0.59012365,0.61213356,0.67682743,0.6474513,0.6201199,0.69383276,0.63651067,0.6693173,0.6203911,0.63312584,0.63655543,0.652988,0.67435026,0.5848035,0.6513944,0.6472215,0.64526844,0.66323787,0.68338716,0.6406243,0.62201995,0.74959975,0.81137455,0.7304192,0.6578137,0.6944736,0.7627685,0.8049483,0.78685623,0.76597106,0.79687834,1.0,0.77216756,0.6760633,0.6548948,0.6948735,0.6858463,0.65831643,0.6842536,0.627827,0.66952217,0.6612927,0.66159415,0.5822097,0.7308421,0.66447234,0.69437635,0.5788902,0.63139987,0.5637865,0.67117363,0.540262,0.5806188,0.6208775,0.6225611,0.68678015,0.5850656,0.61996186,0.63500446,0.6196324,0.5661123,0.6394308,0.6548455,0.67430526,0.63288724,0.58820057,0.6199042,0.64172244,0.5745539,0.7071104,0.70532703,0.75443774,0.613735,0.76506984,0.77135,0.670535,0.7551966,0.5828665,0.7192161,0.7398366,0.7649706,0.5529457,0.559121,0.58463615,0.60733044,0.57905716,0.60242057,0.52196896,0.5654279,0.5532986,0.6166599,0.6063096,0.6041313
grey_obj3l.jpg,0.58732176,0.58079696,0.5793196,0.56078154,0.5475696,0.6553804,0.605821,0.5721169,0.68006104,0.5787845,0.62719893,0.60921633,0.54614973,0.6241935,0.64258283,0.6739082,0.51475644,0.6101125,0.6329329,0.60090476,0.6314039,0.6691914,0.60622466,0.5778787,0.833337,0.708287,0.76372415,0.71078163,0.71503043,0.76311666,0.6828075,0.6984105,0.81556195,0.8255034,0.77216756,0.99999976,0.6497894,0.6657063,0.669,0.6758679,0.6670288,0.5747813,0.6374121,0.6105413,0.57969797,0.62134594,0.6285092,0.66960937,0.7119473,0.6651291,0.60391504,0.7143393,0.605628,0.6628193,0.600834,0.5881319,0.60333395,0.6468693,0.64134544,0.6416443,0.56489843,0.55888057,0.5512737,0.5639684,0.5489083,0.55559605,0.6120924,0.60815126,0.5423139,0.5689007,0.6095708,0.51794106,0.67031926,0.6793203,0.7257081,0.666752,0.7508342,0.74196374,0.63793874,0.7058614,0.61026704,0.69260347,0.7326526,0.73419535,0.5621639,0.5630705,0.6027182,0.6221831,0.5682423,0.604388,0.5715854,0.57574713,0.54819924,0.6309434,0.5926035,0.6012399
grey_obj4a.jpg,0.5936278,0.57071364,0.585919,0.6059958,0.5796712,0.678891,0.59465814,0.629221,0.6341185,0.6290491,0.6143207,0.7046648,0.5937971,0.5697485,0.55723566,0.59515816,0.5426408,0.56536293,0.638117,0.65191615,0.62117445,0.6272173,0.62546104,0.54985845,0.6850011,0.67129195,0.63487387,0.5770046,0.66348344,0.5614331,0.67293763,0.66197467,0.5866624,0.5885538,0.6760633,0.6497894,1.0000004,0.7808361,0.82716185,0.7984865,0.7977112,0.79050916,0.78225756,0.7264439,0.70570445,0.7878574,0.74695665,0.8175901,0.6711217,0.7046351,0.57196116,0.6010873,0.6018489,0.6096734,0.5815132,0.5985919,0.6237012,0.6912967,0.7072287,0.54254806,0.5457959,0.59950143,0.54322875,0.58602107,0.54962325,0.5589756,0.59677285,0.56058913,0.62992376,0.5886186,0.6018981,0.5389812,0.6112266,0.61699146,0.6077684,0.6203135,0.64511365,0.588887,0.54590327,0.5677272,0.5859661,0.62032497,0.55184275,0.57064897,0.61236596,0.6233887,0.72756726,0.6435844,0.63083625,0.6674598,0.6171482,0.64904565,0.5963913,0.64900357,0.6190946,0.6144466
grey_obj4b.jpg,0.5930449,0.6559237,0.5890088,0.6363811,0.567298,0.7094164,0.61444604,0.64050376,0.69172883,0.6574751,0.63960946,0.7214039,0.637846,0.61982244,0.6657815,0.6413171,0.572021,0.600376,0.6560148,0.6513349,0.64915276,0.67765486,0.65101874,0.59025455,0.6799359,0.6508174,0.6113864,0.60088444,0.624484,0.55539143,0.67063934,0.6145326,0.5692019,0.5944902,0.6548948,0.6657063,0.7808361,1.0000001,0.81092227,0.79500246,0.7787365,0.7654145,0.8198931,0.7864888,0.8332825,0.8571442,0.79029816,0.8279911,0.7359809,0.69814754,0.58952814,0.68626565,0.6012784,0.7000708,0.5930988,0.62240726,0.63835424,0.69484276,0.6964029,0.5904866,0.61011356,0.6438749,0.58203954,0.6327576,0.5675376,0.57117766,0.6068431,0.5994853,0.6790774,0.6199493,0.646019,0.59621185,0.572693,0.6379751,0.6043328,0.6505168,0.5946048,0.5644165,0.51530564,0.5504365,0.6311906,0.5910756,0.56654555,0.5662095,0.6496343,0.66699266,0.7134552,0.7441963,0.6678662,0.73512244,0.6737733,0.7093242,0.6478603,0.6582915,0.6227983,0.6379789
